385 300 -16777216
386 300 -15920893
387 300 -14800633
388 300 -14207991
389 300 -13812470
390 300 -13680630
391 300 -14273528
392 300 -14339576
393 300 -14800633
394 300 -15591420
395 300 -15591164
396 300 -16250366
403 300 -16777216
404 300 -15723261
405 300 -15591420
406 300 -15459580
407 300 -14734841
408 300 -14734585
409 300 -14471160
410 300 -14339576
411 300 -14471416
412 300 -15393531
413 300 -15920637
100 310 -16777216
299 310 -38400
300 310 -16777216
354 310 -853786
354 310 -853786
355 310 -8021164
356 310 -15393786
357 310 -14734841
358 310 -10056938
359 310 -6169565
440 310 -5972188
441 310 -6169565
442 310 -9859305
443 310 -14734840
444 310 -15328754
445 310 -6446698
446 310 -263173
500 310 -16777216
100 320 -16777216
299 320 -38400
300 320 -16777216
338 320 -65796
338 320 -65796
339 320 -7889324
340 320 -15788797
341 320 -9859305
458 320 -5972188
459 320 -9727464
460 320 -15526389
461 320 -6184289
500 320 -16777216
100 330 -16777216
299 330 -38400
300 330 -16777216
327 330 -590614
327 330 -590614
328 330 -12759273
329 330 -13746422
330 330 -6499038
469 330 -5972188
470 330 -6169565
471 330 -13549551
472 330 -11710647
473 330 -263173
500 330 -16777216
100 340 -16777216
299 340 -38400
300 340 -16777216
319 340 -4403055
319 340 -4403055
320 340 -15788797
321 340 -7816930
478 340 -5972188
479 340 -7685090
480 340 -15460593
481 340 -2631721
500 340 -16777216
100 350 -16777216
299 350 -38400
300 350 -16777216
312 350 -65796
312 350 -65796
313 350 -13681389
314 350 -11045357
485 350 -5972188
486 350 -10453979
487 350 -12632002
500 350 -16777216
100 360 -16777216
299 360 -38400
300 360 -16777216
308 360 -13418219
308 360 -13418219
309 360 -11045357
490 360 -5972188
491 360 -10125271
492 360 -12303293
500 360 -16777216
100 370 -16777216
299 370 -38400
300 370 -16777216
304 370 -8943280
304 370 -8943280
305 370 -13021940
494 370 -5972188
495 370 -11773647
496 370 -7368817
500 370 -16777216
100 380 -16777216
299 380 -38400
300 380 -16777216
301 380 -1445924
302 380 -16447743
303 380 -6301661
496 380 -5972188
497 380 -6169565
498 380 -16250873
499 380 -1315861
100 390 -16777216
299 390 -38400
300 390 -13680630
301 390 -11242734
498 390 -5972188
499 390 -9666496
100 400 -16777216
299 400 -38400
300 400 -16777216
499 400 -5972188
100 410 -16777216
299 410 -38400
300 410 -14339576
301 410 -11506670
498 410 -5972188
499 410 -9734067
100 420 -16777216
299 420 -38400
300 420 -16777216
301 420 -789517
302 420 -16447742
303 420 -6301661
496 420 -5972188
497 420 -5776079
498 420 -16250872
499 420 -1315861
100 430 -16777216
299 430 -38400
300 430 -16777216
304 430 -7827591
304 430 -7827591
305 430 -13021940
494 430 -5972188
495 430 -10986164
496 430 -7368817
500 430 -16777216
100 440 -16777216
299 440 -38400
300 440 -16777216
308 440 -12696271
308 440 -12696271
309 440 -11045357
490 440 -5972188
491 440 -8681377
492 440 -12303292
500 440 -16777216
100 450 -16777216
299 450 -38400
300 450 -16777216
313 450 -12697035
313 450 -12697035
314 450 -11045357
485 450 -5972188
486 450 -8616344
487 450 -12566464
500 450 -16777216
100 460 -16777216
299 460 -38400
300 460 -16777216
319 460 -2368549
319 460 -2368549
320 460 -15526388
321 460 -7685090
478 460 -5972188
479 460 -5847455
480 460 -14935012
481 460 -2631721
500 460 -16777216
100 470 -16777216
299 470 -38400
300 470 -16777216
328 470 -11184304
328 470 -11184304
329 470 -13549550
330 470 -6499038
469 470 -5972188
470 470 -5447874
471 470 -12302529
472 470 -11513776
473 470 -263173
500 470 -16777216
100 480 -16777216
299 480 -38400
300 480 -16777216
339 480 -5526613
339 480 -5526613
340 480 -15395056
341 480 -9727971
457 480 -5972188
458 480 -5906393
459 480 -7496086
460 480 -15198184
461 480 -6052957
500 480 -16777216
100 490 -16777216
299 490 -38400
300 490 -16777216
354 490 -263173
354 490 -263173
355 490 -5789785
356 490 -14737378
357 490 -14144228
358 490 -9465820
359 490 -6169565
440 490 -5972188
441 490 -5710284
442 490 -8087463
443 490 -13224141
444 490 -14935012
445 490 -6052957
446 490 -263173
500 490 -16777216
185 500 -16777216
186 500 -15920893
187 500 -14800633
188 500 -14207991
189 500 -13812470
190 500 -13680630
191 500 -14273528
192 500 -14339576
193 500 -14800633
194 500 -15591420
195 500 -15591164
196 500 -16250366
203 500 -16777216
204 500 -15723261
205 500 -15591420
206 500 -15459580
207 500 -14734841
208 500 -14734585
209 500 -14471160
210 500 -14339576
211 500 -14471416
212 500 -15393531
213 500 -15920637
100 510 -16777216
154 510 -853786
154 510 -853786
155 510 -8021164
156 510 -15393786
157 510 -14734841
158 510 -10056938
159 510 -6169565
240 510 -5972188
241 510 -6169565
242 510 -9859305
243 510 -14734840
244 510 -15328754
245 510 -6446698
246 510 -263173
300 510 -16777216
300 510 -16777216
499 510 -38400
100 520 -16777216
138 520 -65796
138 520 -65796
139 520 -7889324
140 520 -15788797
141 520 -9859305
258 520 -5972188
259 520 -9727464
260 520 -15526389
261 520 -6184289
300 520 -16777216
300 520 -16777216
499 520 -38400
100 530 -16777216
127 530 -590614
127 530 -590614
128 530 -12759273
129 530 -13746422
130 530 -6499038
269 530 -5972188
270 530 -6169565
271 530 -13549551
272 530 -11710647
273 530 -263173
300 530 -16777216
300 530 -16777216
499 530 -38400
100 540 -16777216
119 540 -4403055
119 540 -4403055
120 540 -15788797
121 540 -7816930
278 540 -5972188
279 540 -7685090
280 540 -15460593
281 540 -2631721
300 540 -16777216
300 540 -16777216
499 540 -38400
100 550 -16777216
112 550 -65796
112 550 -65796
113 550 -13681389
114 550 -11045357
285 550 -5972188
286 550 -10453979
287 550 -12632002
300 550 -16777216
300 550 -16777216
499 550 -38400
100 560 -16777216
108 560 -13418219
108 560 -13418219
109 560 -11045357
290 560 -5972188
291 560 -10125271
292 560 -12303293
300 560 -16777216
300 560 -16777216
499 560 -38400
100 570 -16777216
104 570 -8943280
104 570 -8943280
105 570 -13021940
294 570 -5972188
295 570 -11773647
296 570 -7368817
300 570 -16777216
300 570 -16777216
499 570 -38400
100 580 -16777216
101 580 -1445924
102 580 -16447743
103 580 -6301661
296 580 -5972188
297 580 -6169565
298 580 -16250873
299 580 -1315861
300 580 -16777216
499 580 -38400
100 590 -13680630
101 590 -11242734
298 590 -5972188
299 590 -9666496
300 590 -16777216
499 590 -38400
100 600 -16777216
299 600 -5972188
300 600 -16777216
499 600 -38400
100 610 -14339576
101 610 -11506670
298 610 -5972188
299 610 -9734067
300 610 -16777216
499 610 -38400
100 620 -16777216
101 620 -789517
102 620 -16447742
103 620 -6301661
296 620 -5972188
297 620 -5776079
298 620 -16250872
299 620 -1315861
300 620 -16777216
499 620 -38400
100 630 -16777216
104 630 -7827591
104 630 -7827591
105 630 -13021940
294 630 -5972188
295 630 -10986164
296 630 -7368817
300 630 -16777216
300 630 -16777216
499 630 -38400
100 640 -16777216
108 640 -12696271
108 640 -12696271
109 640 -11045357
290 640 -5972188
291 640 -8681377
292 640 -12303292
300 640 -16777216
300 640 -16777216
499 640 -38400
100 650 -16777216
113 650 -12697035
113 650 -12697035
114 650 -11045357
285 650 -5972188
286 650 -8616344
287 650 -12566464
300 650 -16777216
300 650 -16777216
499 650 -38400
100 660 -16777216
119 660 -2368549
119 660 -2368549
120 660 -15526388
121 660 -7685090
278 660 -5972188
279 660 -5847455
280 660 -14935012
281 660 -2631721
300 660 -16777216
300 660 -16777216
499 660 -38400
100 670 -16777216
128 670 -11184304
128 670 -11184304
129 670 -13549550
130 670 -6499038
269 670 -5972188
270 670 -5447874
271 670 -12302529
272 670 -11513776
273 670 -263173
300 670 -16777216
300 670 -16777216
499 670 -38400
100 680 -16777216
139 680 -5526613
139 680 -5526613
140 680 -15395056
141 680 -9727971
257 680 -5972188
258 680 -5906393
259 680 -7496086
260 680 -15198184
261 680 -6052957
300 680 -16777216
300 680 -16777216
499 680 -38400
100 690 -16777216
154 690 -263173
154 690 -263173
155 690 -5789785
156 690 -14737378
157 690 -14144228
158 690 -9465820
159 690 -6169565
240 690 -5972188
241 690 -5710284
242 690 -8087463
243 690 -13224141
244 690 -14935012
245 690 -6052957
246 690 -263173
300 690 -16777216
300 690 -16777216
499 690 -38400