390 300 -16777216
391 300 -16645115
393 300 -16447221
394 300 -16446964
395 300 -16447222
396 300 -16513271
397 300 -16579322
398 300 -16645115
399 300 -16711166
402 300 -16777216
403 300 -16777215
405 300 -16645115
406 300 -16579065
407 300 -16513271
408 300 -16513528
409 300 -16513271
410 300 -16645115
411 300 -16776959
100 310 -16777216
299 310 -38400
300 310 -16777216
368 310 -4275773
368 310 -4275773
369 310 -15592169
370 310 -16579322
371 310 -15787232
430 310 -15523287
431 310 -15786975
432 310 -16184307
433 310 -13487309
434 310 -1315861
500 310 -16777216
100 320 -16777216
299 320 -38400
300 320 -16777216
356 320 -4275517
356 320 -4275517
357 320 -16118514
358 320 -16249327
443 320 -15523287
444 320 -15788776
445 320 -14145239
446 320 -789517
500 320 -16777216
100 330 -16777216
299 330 -38400
300 330 -16777216
347 330 -2433827
347 330 -2433827
348 330 -16250356
349 330 -16051176
452 330 -15523287
453 330 -15590625
454 330 -14277082
455 330 -789517
500 330 -16777216
100 340 -16777216
299 340 -38400
300 340 -16777216
340 340 -6775394
340 340 -6775394
341 340 -16710909
342 340 -15721438
459 340 -15523287
460 340 -15721181
461 340 -15724528
462 340 -2368549
500 340 -16777216
100 350 -16777216
299 350 -38400
300 350 -16777216
334 350 -8880768
334 350 -8880768
335 350 -16710909
336 350 -15655131
465 350 -15523287
466 350 -15589338
467 350 -16053236
468 350 -3421237
500 350 -16777216
100 360 -16777216
299 360 -38400
300 360 -16777216
329 360 -12696506
329 360 -12696506
330 360 -16315378
471 360 -15523287
472 360 -14539481
473 360 -7368817
500 360 -16777216
100 370 -16777216
299 370 -38400
300 370 -16777216
324 370 -3552308
324 370 -3552308
325 370 -16711165
326 370 -15655131
475 370 -15523287
476 370 -15589594
477 370 -15921907
478 370 -1315861
500 370 -16777216
100 380 -16777216
299 380 -38400
300 380 -16777216
320 380 -4012858
320 380 -4012858
321 380 -16710909
322 380 -15589080
479 380 -15523287
480 380 -15589080
481 380 -15921907
482 380 -1579033
500 380 -16777216
100 390 -16777216
299 390 -38400
300 390 -16777216
317 390 -14012623
317 390 -14012623
318 390 -16117483
483 390 -15523287
484 390 -13814987
485 390 -8882056
500 390 -16777216
100 400 -16777216
299 400 -38400
300 400 -16777216
314 400 -15065825
314 400 -15065825
315 400 -16051176
486 400 -15523287
487 400 -13749193
488 400 -11776948
500 400 -16777216
100 410 -16777216
299 410 -38400
300 410 -16777216
311 410 -10854816
311 410 -10854816
312 410 -16381171
489 410 -15523287
490 410 -13684173
491 410 -6842473
500 410 -16777216
100 420 -16777216
299 420 -38400
300 420 -16777216
309 420 -14999775
309 420 -14999775
310 420 -15985383
491 420 -15523287
492 420 -13683143
493 420 -11776948
500 420 -16777216
100 430 -16777216
299 430 -38400
300 430 -16777216
307 430 -14736604
307 430 -14736604
308 430 -15919333
493 430 -15523287
494 430 -12696248
495 430 -10987432
500 430 -16777216
100 440 -16777216
299 440 -38400
300 440 -16777216
305 440 -11183524
305 440 -11183524
306 440 -16315377
495 440 -15523287
496 440 -13157829
497 440 -7105645
500 440 -16777216
100 450 -16777216
299 450 -38400
300 450 -16777216
304 450 -16316150
304 450 -16316150
305 450 -15721438
496 450 -15523287
497 450 -14208457
498 450 -14935012
500 450 -16777216
100 460 -16777216
299 460 -38400
300 460 -16777216
302 460 -460552
302 460 -460552
303 460 -16776959
304 460 -15523544
498 460 -15523287
499 460 -16514044
100 470 -16777216
299 470 -38400
300 470 -16777216
302 470 -16513529
302 470 -16513529
303 470 -15721181
498 470 -15523287
499 470 -15063507
100 480 -16777216
299 480 -38400
300 480 -16777216
301 480 -12302262
302 480 -16183020
499 480 -15523287
100 490 -16777216
299 490 -38400
300 490 -16777216
301 490 -16381943
302 490 -15655388
499 490 -15523287
185 500 -16777216
186 500 -15920893
187 500 -14800633
188 500 -14207991
189 500 -13812470
190 500 -13680630
191 500 -14273528
192 500 -14339576
193 500 -14800633
194 500 -15591420
195 500 -15591164
196 500 -16250366
203 500 -16777216
204 500 -15723261
205 500 -15591420
206 500 -15459580
207 500 -14734841
208 500 -14734585
209 500 -14471160
210 500 -14339576
211 500 -14471416
212 500 -15393531
213 500 -15920637
301 500 -16777216
100 510 -16777216
154 510 -853786
154 510 -853786
155 510 -8021164
156 510 -15393786
157 510 -14734841
158 510 -10056938
159 510 -6169565
240 510 -5972188
241 510 -6169565
242 510 -9859305
243 510 -14734840
244 510 -15328754
245 510 -6446698
246 510 -263173
301 510 -16381943
301 510 -16381943
302 510 -15655388
499 510 -15523287
100 520 -16777216
138 520 -65796
138 520 -65796
139 520 -7889324
140 520 -15788797
141 520 -9859305
258 520 -5972188
259 520 -9727464
260 520 -15526389
261 520 -6184289
301 520 -12302262
301 520 -12302262
302 520 -16183020
499 520 -15523287
100 530 -16777216
127 530 -590614
127 530 -590614
128 530 -12759273
129 530 -13746422
130 530 -6499038
269 530 -5972188
270 530 -6169565
271 530 -13549551
272 530 -11710647
273 530 -263173
302 530 -16381943
302 530 -16381943
303 530 -15655388
498 530 -15523287
499 530 -13879491
100 540 -16777216
119 540 -4403055
119 540 -4403055
120 540 -15788797
121 540 -7816930
278 540 -5972188
279 540 -7685090
280 540 -15460593
281 540 -2631721
303 540 -16711423
303 540 -16711423
304 540 -15523544
497 540 -15523287
498 540 -14799821
499 540 -16514044
100 550 -16777216
112 550 -65796
112 550 -65796
113 550 -13681389
114 550 -11045357
285 550 -5972188
286 550 -10453979
287 550 -12632002
304 550 -16118772
304 550 -16118772
305 550 -15721438
496 550 -15523287
497 550 -12958647
498 550 -14935012
500 550 -16777216
100 560 -16777216
108 560 -13418219
108 560 -13418219
109 560 -11045357
290 560 -5972188
291 560 -10125271
292 560 -12303293
305 560 -9407628
305 560 -9407628
306 560 -16315377
495 560 -15523287
496 560 -12302777
497 560 -7105645
500 560 -16777216
100 570 -16777216
104 570 -8943280
104 570 -8943280
105 570 -13021940
294 570 -5972188
295 570 -11773647
296 570 -7368817
307 570 -14671325
307 570 -14671325
308 570 -15919333
493 570 -15523287
494 570 -11972525
495 570 -12303292
500 570 -16777216
100 580 -16777216
101 580 -1445924
102 580 -16447743
103 580 -6301661
296 580 -5972188
297 580 -6169565
298 580 -16250873
299 580 -1315861
309 580 -13815759
309 580 -13815759
310 580 -15985383
491 580 -15523287
492 580 -11709868
493 580 -11776948
500 580 -16777216
100 590 -13680630
101 590 -11242734
298 590 -5972188
299 590 -9666496
300 590 -9408400
311 590 -6250078
311 590 -6250078
312 590 -16381170
489 590 -15523287
490 590 -11710897
491 590 -5000269
500 590 -16777216
100 600 -16777216
299 600 -5972188
300 600 -16777216
314 600 -13487051
314 600 -13487051
315 600 -15985382
486 600 -15523287
487 600 -10854816
488 600 -11513776
500 600 -16777216
100 610 -14339576
101 610 -11506670
298 610 -5972188
299 610 -9734067
300 610 -8618884
317 610 -12105398
317 610 -12105398
318 610 -16117483
483 610 -15523287
484 610 -10854817
485 610 -9934744
500 610 -16777216
100 620 -16777216
101 620 -789517
102 620 -16447742
103 620 -6301661
296 620 -5972188
297 620 -5776079
298 620 -16250872
299 620 -1315861
320 620 -1315861
320 620 -1315861
321 620 -16382201
322 620 -15589338
479 620 -15523287
480 620 -13089975
481 620 -16250872
482 620 -1842205
500 620 -16777216
100 630 -16777216
104 630 -7827591
104 630 -7827591
105 630 -13021940
294 630 -5972188
295 630 -10986164
296 630 -7368817
324 630 -1052689
324 630 -1052689
325 630 -16447994
326 630 -15655131
475 630 -15523287
476 630 -12037544
477 630 -15724528
478 630 -1315861
500 630 -16777216
100 640 -16777216
108 640 -12696271
108 640 -12696271
109 640 -11045357
290 640 -5972188
291 640 -8681377
292 640 -12303292
329 640 -8421247
329 640 -8421247
330 640 -16315378
471 640 -15523287
472 640 -11776690
473 640 -7368817
500 640 -16777216
100 650 -16777216
113 650 -12697035
113 650 -12697035
114 650 -11045357
285 650 -5972188
286 650 -8616344
287 650 -12566464
334 650 -3618359
334 650 -3618359
335 650 -16316407
336 650 -15589080
465 650 -15523287
466 650 -13747648
467 650 -15527149
468 650 -3421237
500 650 -16777216
100 660 -16777216
119 660 -2368549
119 660 -2368549
120 660 -15526388
121 660 -7685090
278 660 -5972188
279 660 -5847455
280 660 -14935012
281 660 -2631721
340 660 -2105377
340 660 -2105377
341 660 -16316408
342 660 -15721438
459 660 -15523287
460 660 -11906473
461 660 -15198184
462 660 -2368549
500 660 -16777216
100 670 -16777216
128 670 -11184304
128 670 -11184304
129 670 -13549550
130 670 -6499038
269 670 -5972188
270 670 -5447874
271 670 -12302529
272 670 -11513776
273 670 -263173
347 670 -526345
347 670 -526345
348 670 -14211032
349 670 -15854054
452 670 -15523287
453 670 -9407628
454 670 -13882324
455 670 -789517
500 670 -16777216
100 680 -16777216
139 680 -5526613
139 680 -5526613
140 680 -15395056
141 680 -9727971
257 680 -5972188
258 680 -5906393
259 680 -7496086
260 680 -15198184
261 680 -6052957
356 680 -526345
356 680 -526345
357 680 -13487565
358 680 -15722983
442 680 -15523287
443 680 -14536650
444 680 -10789795
445 680 -13355980
446 680 -789517
500 680 -16777216
100 690 -16777216
154 690 -263173
154 690 -263173
155 690 -5789785
156 690 -14737378
157 690 -14144228
158 690 -9465820
159 690 -6169565
240 690 -5972188
241 690 -5710284
242 690 -8087463
243 690 -13224141
244 690 -14935012
245 690 -6052957
246 690 -263173
368 690 -1052689
368 690 -1052689
369 690 -11842741
370 690 -15395305
371 690 -15590110
429 690 -15523287
430 690 -15260372
431 690 -10064272
432 690 -13750738
433 690 -12566464
434 690 -1315861
500 690 -16777216