298 300 -16777216
300 300 -16118270
301 300 -15459323
100 310 -16777216
289 310 -4604495
289 310 -4604495
290 310 -15789306
291 310 -8673253
308 310 -5972188
309 310 -8673253
310 310 -15854843
311 310 -4866907
500 310 -16777216
100 320 -16777216
279 320 -4604495
279 320 -4604495
280 320 -15789306
281 320 -8673253
318 320 -5972188
319 320 -8673253
320 320 -15854843
321 320 -4866907
500 320 -16777216
100 330 -16777216
269 330 -4604495
269 330 -4604495
270 330 -15789306
271 330 -8673253
328 330 -5972188
329 330 -8673253
330 330 -15854843
331 330 -4866907
500 330 -16777216
100 340 -16777216
259 340 -4604495
259 340 -4604495
260 340 -15789306
261 340 -8673253
338 340 -5972188
339 340 -8673253
340 340 -15854843
341 340 -4866907
500 340 -16777216
100 350 -16777216
249 350 -4604495
249 350 -4604495
250 350 -15789306
251 350 -8673253
348 350 -5972188
349 350 -8673253
350 350 -15854843
351 350 -4866907
500 350 -16777216
100 360 -16777216
239 360 -4604495
239 360 -4604495
240 360 -15789306
241 360 -8673253
358 360 -5972188
359 360 -8673253
360 360 -15854843
361 360 -4866907
500 360 -16777216
100 370 -16777216
229 370 -4604495
229 370 -4604495
230 370 -15789306
231 370 -8673253
368 370 -5972188
369 370 -8673253
370 370 -15854843
371 370 -4866907
500 370 -16777216
100 380 -16777216
219 380 -4604495
219 380 -4604495
220 380 -15789306
221 380 -8673253
378 380 -5972188
379 380 -8673253
380 380 -15854843
381 380 -4866907
500 380 -16777216
100 390 -16777216
209 390 -4604495
209 390 -4604495
210 390 -15789306
211 390 -8673253
388 390 -5972188
389 390 -8673253
390 390 -15854843
391 390 -4866907
500 390 -16777216
100 400 -16777216
199 400 -4604495
199 400 -4604495
200 400 -15789306
201 400 -8673253
398 400 -5972188
399 400 -8673253
400 400 -15854843
401 400 -4866907
500 400 -16777216
100 410 -16777216
189 410 -4604495
189 410 -4604495
190 410 -15789306
191 410 -8673253
408 410 -5972188
409 410 -8673253
410 410 -15854843
411 410 -4866907
500 410 -16777216
100 420 -16777216
179 420 -4604495
179 420 -4604495
180 420 -15789306
181 420 -8673253
418 420 -5972188
419 420 -8673253
420 420 -15854843
421 420 -4866907
500 420 -16777216
100 430 -16777216
169 430 -4604495
169 430 -4604495
170 430 -15789306
171 430 -8673253
428 430 -5972188
429 430 -8673253
430 430 -15854843
431 430 -4866907
500 430 -16777216
100 440 -16777216
159 440 -4604495
159 440 -4604495
160 440 -15789306
161 440 -8673253
438 440 -5972188
439 440 -8673253
440 440 -15854843
441 440 -4866907
500 440 -16777216
100 450 -16777216
149 450 -4604495
149 450 -4604495
150 450 -15789306
151 450 -8673253
448 450 -5972188
449 450 -8673253
450 450 -15854843
451 450 -4866907
500 450 -16777216
100 460 -16777216
139 460 -4604495
139 460 -4604495
140 460 -15789306
141 460 -8673253
458 460 -5972188
459 460 -8673253
460 460 -15854843
461 460 -4866907
500 460 -16777216
100 470 -16777216
129 470 -4604495
129 470 -4604495
130 470 -15789306
131 470 -8673253
468 470 -5972188
469 470 -8673253
470 470 -15854843
471 470 -4866907
500 470 -16777216
100 480 -16777216
119 480 -4604495
119 480 -4604495
120 480 -15789306
121 480 -8673253
478 480 -5972188
479 480 -8673253
480 480 -15854843
481 480 -4866907
500 480 -16777216
100 490 -16777216
109 490 -4604495
109 490 -4604495
110 490 -15789306
111 490 -8673253
488 490 -5972188
489 490 -8673253
490 490 -15854843
491 490 -4866907
500 490 -16777216
100 500 -16711168
101 500 -10322905
498 500 -5972188
499 500 -10651106
100 510 -16777216
109 510 -4144960
109 510 -4144960
110 510 -15461101
111 510 -7885770
488 510 -5972188
489 510 -8279767
490 510 -15461102
491 510 -4144960
500 510 -16777216
100 520 -16777216
119 520 -4144960
119 520 -4144960
120 520 -15461101
121 520 -7885770
478 520 -5972188
479 520 -8279767
480 520 -15461102
481 520 -4144960
500 520 -16777216
100 530 -16777216
129 530 -4144960
129 530 -4144960
130 530 -15461101
131 530 -7885770
468 530 -5972188
469 530 -8279767
470 530 -15461102
471 530 -4144960
500 530 -16777216
100 540 -16777216
139 540 -4144960
139 540 -4144960
140 540 -15461101
141 540 -7885770
458 540 -5972188
459 540 -8279767
460 540 -15461102
461 540 -4144960
500 540 -16777216
100 550 -16777216
149 550 -4144960
149 550 -4144960
150 550 -15461101
151 550 -7885770
448 550 -5972188
449 550 -8279767
450 550 -15461102
451 550 -4144960
500 550 -16777216
100 560 -16777216
159 560 -4144960
159 560 -4144960
160 560 -15461101
161 560 -7885770
438 560 -5972188
439 560 -8279767
440 560 -15461102
441 560 -4144960
500 560 -16777216
100 570 -16777216
169 570 -4144960
169 570 -4144960
170 570 -15461101
171 570 -7885770
428 570 -5972188
429 570 -8279767
430 570 -15461102
431 570 -4144960
500 570 -16777216
100 580 -16777216
179 580 -4144960
179 580 -4144960
180 580 -15461101
181 580 -7885770
418 580 -5972188
419 580 -8279767
420 580 -15461102
421 580 -4144960
500 580 -16777216
100 590 -16777216
189 590 -4144960
189 590 -4144960
190 590 -15461101
191 590 -7885770
408 590 -5972188
409 590 -8279767
410 590 -15461102
411 590 -4144960
500 590 -16777216
100 600 -16777216
199 600 -4144960
199 600 -4144960
200 600 -15461101
201 600 -7885770
398 600 -5972188
399 600 -8279767
400 600 -15461102
401 600 -4144960
500 600 -16777216
100 610 -16777216
209 610 -4144960
209 610 -4144960
210 610 -15461101
211 610 -7885770
388 610 -5972188
389 610 -8279767
390 610 -15461102
391 610 -4144960
500 610 -16777216
100 620 -16777216
219 620 -4144960
219 620 -4144960
220 620 -15461101
221 620 -7885770
378 620 -5972188
379 620 -8279767
380 620 -15461102
381 620 -4144960
500 620 -16777216
100 630 -16777216
229 630 -4144960
229 630 -4144960
230 630 -15461101
231 630 -7885770
368 630 -5972188
369 630 -8279767
370 630 -15461102
371 630 -4144960
500 630 -16777216
100 640 -16777216
239 640 -4144960
239 640 -4144960
240 640 -15461101
241 640 -7885770
358 640 -5972188
359 640 -8279767
360 640 -15461102
361 640 -4144960
500 640 -16777216
100 650 -16777216
249 650 -4144960
249 650 -4144960
250 650 -15461101
251 650 -7885770
348 650 -5972188
349 650 -8279767
350 650 -15461102
351 650 -4144960
500 650 -16777216
100 660 -16777216
259 660 -4144960
259 660 -4144960
260 660 -15461101
261 660 -7885770
338 660 -5972188
339 660 -8279767
340 660 -15461102
341 660 -4144960
500 660 -16777216
100 670 -16777216
269 670 -4144960
269 670 -4144960
270 670 -15461101
271 670 -7885770
328 670 -5972188
329 670 -8279767
330 670 -15461102
331 670 -4144960
500 670 -16777216
100 680 -16777216
279 680 -4144960
279 680 -4144960
280 680 -15461101
281 680 -7885770
318 680 -5972188
319 680 -8279767
320 680 -15461102
321 680 -4144960
500 680 -16777216
100 690 -16777216
289 690 -4144960
289 690 -4144960
290 690 -15461101
291 690 -7885770
308 690 -5972188
309 690 -8279767
310 690 -15461102
311 690 -4144960
500 690 -16777216