162 315 -5277872
162 315 -5277872
163 315 -15726848
164 315 -5815040
237 315 -38400
238 315 -5815040
239 315 -15463159
240 315 -5790044
361 315 -9207428
361 315 -9207428
362 315 -16381945
363 315 -12691635
436 315 -10517131
437 315 -12691635
438 315 -15921394
439 315 -5921114
151 325 -2321
151 325 -2321
152 325 -11261427
153 325 -13363712
154 325 -826112
247 325 -38400
248 325 -563456
249 325 -12837624
250 325 -11777979
251 325 -263173
350 325 -657418
350 325 -657418
351 325 -14142930
352 325 -15525096
353 325 -10780817
446 325 -10517131
447 325 -10714767
448 325 -14998752
449 325 -12039864
450 325 -263173
143 335 -1289
143 335 -1289
144 335 -9684973
145 335 -10212864
256 335 -38400
257 335 -10210802
258 335 -9935517
342 335 -328709
342 335 -328709
343 335 -13352644
344 335 -14339026
455 335 -10517131
456 335 -13747403
457 335 -10131866
137 345 -4225958
137 345 -4225958
138 345 -15464448
139 345 -1088768
262 345 -38400
263 345 -1088768
264 345 -15462903
265 345 -4473925
336 345 -8417656
336 345 -8417656
337 345 -16315895
338 345 -10912402
461 345 -10517131
462 345 -10912402
463 345 -15921394
464 345 -4473925
131 355 -270388
131 355 -270388
132 355 -14414079
133 355 -3451904
268 355 -38400
269 355 -3189248
270 355 -14409699
271 355 -526345
330 355 -2235167
330 355 -2235167
331 355 -15854831
332 355 -11769251
467 355 -10517131
468 355 -11703201
469 355 -14671584
470 355 -526345
126 365 -2321
126 365 -2321
127 365 -13625853
128 365 -5027328
273 365 -38400
274 365 -4501242
275 365 -13882839
276 365 -263173
325 365 -657418
325 365 -657418
326 365 -15459560
327 365 -12362414
472 365 -10517131
473 365 -11967399
474 365 -14013654
475 365 -263173
122 375 -1587279
122 375 -1587279
123 375 -15201792
124 375 -826112
277 375 -38400
278 375 -563456
279 375 -15198958
280 375 -1842205
321 375 -3813942
321 375 -3813942
322 375 -16184053
323 375 -10780817
476 375 -10517131
477 375 -10714767
478 375 -15461099
479 375 -1842205
118 385 -1289
118 385 -1289
119 385 -14676478
120 385 -3189248
281 385 -38400
282 385 -2925046
283 385 -14408926
317 385 -328709
317 385 -328709
318 385 -15920624
319 385 -11703201
480 385 -10517131
481 385 -11177114
482 385 -14474461
115 395 -1850194
116 395 -14676736
117 395 -301056
284 395 -38400
285 395 -301056
286 395 -14936043
287 395 -2105377
314 395 -4077113
314 395 -4077113
315 395 -15986417
316 395 -10583181
483 395 -10517131
484 395 -10583181
288 405 -38400
289 405 -14935527
290 405 -526345
311 405 -1117712
311 405 -1117712
312 405 -16184053
313 405 -10583181
290 415 -38400
291 415 -8433618
292 415 -9671572
309 415 -11971504
309 415 -11971504
310 415 -13745863
292 425 -38400
293 425 -4234978
294 425 -13355980
307 425 -15064801
307 425 -15064801
308 425 -12296364
294 435 -38400
295 435 -6070223
296 435 -9934744
305 435 -12432056
305 435 -12432056
306 435 -13350848
296 445 -38400
297 445 -13358042
298 445 -3421237
303 445 -4077113
303 445 -4077113
304 445 -15788782
297 455 -38400
298 455 -8431556
299 455 -8618884
302 455 -10129301
302 455 -10129301
303 455 -14207440
298 465 -38400
299 465 -8431298
300 465 -8421505
301 465 -10984866
302 465 -13745863
299 475 -38400
300 475 -13157838
301 475 -15327460
299 485 -38400
300 485 -14276577
301 485 -12494000
299 495 -38400
300 495 -16777216
299 505 -38400
300 505 -16777216
299 515 -38400
300 515 -14802919
301 515 -12098472
299 525 -38400
300 525 -13026508
301 525 -15195875
298 535 -38400
299 535 -9153475
300 535 -6579301
301 535 -9801105
302 535 -14009805
297 545 -38400
298 545 -9678787
299 545 -7368817
302 545 -9274762
302 545 -9274762
303 545 -14207440
296 555 -38400
297 555 -15461614
298 555 -1579033
303 555 -2630951
303 555 -2630951
304 555 -15788782
294 565 -38400
295 565 -9153475
296 565 -7895161
305 565 -11511724
305 565 -11511724
306 565 -13482434
292 575 -38400
293 575 -6331849
294 575 -11250604
307 575 -14538971
307 575 -14538971
308 575 -12296364
290 585 -38400
291 585 -10467274
292 585 -5526613
309 585 -10919842
309 585 -10919842
310 585 -13745863
287 595 -38400
288 595 -3447523
289 595 -13092808
311 595 -263173
311 595 -263173
312 595 -15987187
313 595 -10583181
115 605 -7632247
116 605 -10474488
284 605 -38400
285 605 -2924787
286 605 -14145497
314 605 -3026479
314 605 -3026479
315 605 -15657452
316 605 -10583181
483 605 -10517131
484 605 -9859714
118 615 -3684409
118 615 -3684409
119 615 -14412018
120 615 -301056
281 615 -38400
282 615 -8893653
283 615 -8882056
318 615 -15131621
318 615 -15131621
319 615 -12098472
480 615 -10517131
481 615 -8745595
482 615 -14145496
122 625 -7368817
122 625 -7368817
123 625 -10472427
277 625 -38400
278 625 -5811432
279 625 -12829637
321 625 -1579033
321 625 -1579033
322 625 -16118516
323 625 -10780817
476 625 -10517131
477 625 -9268860
478 625 -15724528
479 625 -2631721
126 635 -4473925
126 635 -4473925
127 635 -13360104
128 635 -301056
273 635 -38400
274 635 -12834790
275 635 -7105645
326 635 -14670814
326 635 -14670814
327 635 -12362414
472 635 -10517131
473 635 -8812157
474 635 -13882324
475 635 -263173
131 645 -6316129
131 645 -6316129
132 645 -12308962
268 645 -38400
269 645 -11259108
270 645 -6579301
330 645 -263173
330 645 -263173
331 645 -15263207
332 645 -11966887
467 645 -10517131
468 645 -8876924
469 645 -14408668
470 645 -526345
136 655 -263173
136 655 -263173
137 655 -13882325
138 655 -5285090
262 655 -38400
263 655 -8897519
264 655 -10725032
336 655 -4342082
336 655 -4342082
337 655 -16118773
338 655 -10912402
461 655 -10517131
462 655 -9466497
463 655 -15526892
464 655 -4473925
143 665 -5526613
143 665 -5526613
144 665 -13883612
145 665 -824309
255 665 -38400
256 665 -3976445
257 665 -14936042
258 665 -1315861
343 665 -10526111
343 665 -10526111
344 665 -14141648
454 665 -10517131
455 665 -10320009
456 665 -11118248
457 665 -9934744
151 675 -7368817
151 675 -7368817
152 675 -14935270
153 675 -1608412
247 675 -38400
248 675 -9423090
249 675 -14672355
250 675 -1579033
351 675 -11447983
351 675 -11447983
352 675 -15196388
353 675 -10780817
446 675 -10517131
447 675 -9465982
448 675 -13092551
449 675 -11776948
450 675 -263173
161 685 -3947581
161 685 -3947581
162 685 -15198184
163 685 -7639977
164 685 -37112
236 685 -38400
237 685 -4238586
238 685 -14936815
239 685 -7368817
361 685 -5263441
361 685 -5263441
362 685 -15987443
363 685 -12494257
435 685 -10517131
436 685 -10188423
437 685 -8616318
438 685 -15461356
439 685 -57897